2102061
2102062
2102063
2102064
2102065
2102066
2102067
2102068
2102069
2102070
2102071
2102072
2102073
2102074
2102075
2102076
2102077
2102078
2102079
2102080
2102081
2102082
2102083
2102084
2102085
2102086
2102087
2102088
2102089
2102090
2102091
2102092
2102093
2102094
2102095
2102096
2102097
2102098
2102099
2102551
2102552
2102553
2102554
2102555
2102556
2102557
2102558
2102559
2102560
2102561
2102562
2102563
2102564
2102565
2102566
2102567
2102568
2102569
2102570
2130201
2130202
2130203
2130204
2130205
2130206
2130207
2130208
2130209
2130210
2130211
2130212
2130213
2130214
2130215
2130216
2130217
2130218
2130219
2130220
2130241
2130242
2130243
2130244
2130245
2130246
2130247
2130248
2130249
2130250
2130251
2130252
2130253
2130254
2130255
2130256
2130257
2130258
2130259
2130260
2130261
2130262
2130263
2130264
2130265
2130266
2130267
2130268
2130269
2130270
2130271
2130272
2130273
2130274
2130275
2130276
2130277
2130278
2130279
2130280
2130281
2130282
2130283
2130284
2130285
2130286
2130287
2130288
2130289
2130290
2130291
2130292
2130293
2130294
2130295
2130296
2130297
2130298
2130299
2130300
8721000
8721001
8721002
8721003
8721004
8721005
8721006
8721007
8721008
8721009
8721010
8721011
8721012
8721013
8721014
8721015
8721016
8721017
8721018
8721019
8721020
8721021
8721022
8721023
8721024
8721025
8721026
8721027
8721028
8721029
8721030
8721031
8721032
8721033
8721034
8721035
8721036
8721037
8721038
8721039
8721040
8721041
8721042
8721043
8721044
8721045
8721046
8721047
8721048
8721049
8721050
8721051
8721052
8721053
8721054
8721055
8721056
8721057
8721058
8721059
8721060
8721061
8721062
8721063
8721064
8721065
8721066
8721067
8721068
8721069
8721070
8721071
8721072
8721073
8721074
8721075
8721076
8721077
8721078
8721079
8721080
8721081
8721082
8721083
8721084
8721085
8721086
8721087
8721088
8721089
8721090
8721091
8721092
8721093
8721094
8721095
8721096
8721097
8721098
8721099
8721100