8721000
8721001
8721002
8721003
8721004
8721005
8721006
8721007
8721008
8721009
8721010
8721011
8721012
8721013
8721014
8721015
8721016
8721017
8721018
8721019
8721020
8721021
8721022
8721023
8721024
8721025
8721026
8721027
8721028
8721029
8721030
8721031
8721032
8721033
8721034
8721035
8721036
8721037
8721038
8721039
8721040
8721041
8721042
8721043
8721044
8721045
8721046
8721047
8721048
8721049
8721050
8721051
8721052
8721053
8721054
8721055
8721056
8721057
8721058
8721059
8721060
8721061
8721062
8721063
8721064
8721065
8721066
8721067
8721068
8721069
8721070
8721071
8721072
8721073
8721074
8721075
8721076
8721077
8721078
8721079
8721080
8721081
8721082
8721083
8721084
8721085
8721086
8721087
8721088
8721089
8721090
8721091
8721092
8721093
8721094
8721095
8721096
8721097
8721098
8721099
8721100
