2102061
2102062
2102063
2102064
2102065
2102066
2102067
2102068
2102069
2102070
2102071
2102072
2102073
2102074
2102075
2102076
2102077
2102078
2102079
2102080
2102081
2102082
2102083
2102084
2102085
2102086
2102087
2102088
2102089
2102090
2102091
2102092
2102093
2102094
2102095
2102096
2102097
2102098
2102099
2102551
2102552
2102553
2102554
2102555
2102556
2102557
2102558
2102559
2102560
2102561
2102562
2102563
2102564
2102565
2102566
2102567
2102568
2102569
2102570
2130201
2130202
2130203
2130204
2130205
2130206
2130207
2130208
2130209
2130210
2130211
2130212
2130213
2130214
2130215
2130216
2130217
2130218
2130219
2130220
2130241
2130242
2130243
2130244
2130245
2130246
2130247
2130248
2130249
2130250
2130251
2130252
2130253
2130254
2130255
2130256
2130257
2130258
2130259
2130260
2130261
2130262
2130263
2130264
2130265
2130266
2130267
2130268
2130269
2130270
2130271
2130272
2130273
2130274
2130275
2130276
2130277
2130278
2130279
2130280
2130281
2130282
2130283
2130284
2130285
2130286
2130287
2130288
2130289
2130290
2130291
2130292
2130293
2130294
2130295
2130296
2130297
2130298
2130299
2130300
2120300
2120300
2120301
2120302
2120303
2120304
2120305
2120306
2120307
2120308
2120309
2120310
2120311
2120312
2120313
2120314
2120315
2120316
2120317
2120318
2120319
2120320
2120321
2120322
2120323
2120324
2120325
2120326
2120327
2120328
2120329
2120330
2120331
2120332
2120333
2120334
2120335
2120336
2120337
2120338
2120339
2120340
2120341
2120342
2120343
2120344
2120345
2120346
2120347
2120348
2120349
2120350
2120351
2120352
2120353
2120354
2120355
2120356
2120357
2120358
2120359
2120360
2120361
2120362
2120363
2120364
2120365
2120366
2120367
2120368
2120369
2120370
2120371
2120372
2120373
2120374
2120375
2120376
2120377
2120378
2120379
2120380
2120381
2120382
2120383
2120384
2120385
2120386
2120387
2120388
2120389
2120390
2120391
2120392
2120393
2120394
2120395
2120396
2120397
2120398
2120399
2110500
2110501
2110502
2110503
2110504
2110505
2110506
2110507
2110508
2110509
2110510
2110511
2110512
2110513
2110514
2110515
2110516
2110517
2110518
2110519
2110520
2110521
2110522
2110523
2110524
2110525
2110526
2110527
2110528
2110529
2110530
2110531
2110532
2110533
2110534
2110535
2110536
2110537
2110538
2110539
2110540
2110541
2110542
2110543
2110544
2110545
2110546
2110547
2110548
2110549
2110550
2110551
2110552
2110553
2110554
2110555
2110556
2110557
2110558
2110559
2110560
2110561
2110562
2110563
2110564
2110565
2110566
2110567
2110568
2110569
2110570
2110571
2110572
2110573
2110574
2110575
2110576
2110577
2110578
2110579
2110580
2110581
2110582
2110583
2110584
2110585
2110586
2110587
2110588
2110589
2110590
2110591
2110592
2110593
2110594
2110595
2110596
2110597
2110598
2110599
2160501
2160502
2160503
2160504
2160505
2160506
2160507
2160508
2160509
2160510
2160511
2160512
2160513
2160514
2160515
2160516
2160517
2160518
2160519
2160520
2160521
2160522
2160523
2160524
2160525
2160526
2160527
2160528
2160529
2160530
2160531
2160532
2160533
2160534
2160535
2160536
2160537
2160538
2160539
2160540
2160541
2160542
2160543
2160544
2160545
2160546
2160547
2160548
2160549
2160550
2160551
2160552
2160553
2160554
2160555
2160556
2160557
2160558
2160559
2160560
2160561
2160562
2160563
2160564
2160565
2160566
2160567
2160568
2160569
2160570
2160571
2160572
2160573
2160574
2160575
2160576
2160577
2160578
2160579
2160580
2160581
2160582
2160583
2160584
2160585
2160586
2160587
2160588
2160589
2160590
2160591
2160592
2160593
2160594
2160595
2160596
2160597
2160598
2160599
2160600
8721000
8721001
8721002
8721003
8721004
8721005
8721006
8721007
8721008
8721009
8721010
8721011
8721012
8721013
8721014
8721015
8721016
8721017
8721018
8721019
8721020
8721021
8721022
8721023
8721024
8721025
8721026
8721027
8721028
8721029
8721030
8721031
8721032
8721033
8721034
8721035
8721036
8721037
8721038
8721039
8721040
8721041
8721042
8721043
8721044
8721045
8721046
8721047
8721048
8721049
8721050
8721051
8721052
8721053
8721054
8721055
8721056
8721057
8721058
8721059
8721060
8721061
8721062
8721063
8721064
8721065
8721066
8721067
8721068
8721069
8721070
8721071
8721072
8721073
8721074
8721075
8721076
8721077
8721078
8721079
8721080
8721081
8721082
8721083
8721084
8721085
8721086
8721087
8721088
8721089
8721090
8721091
8721092
8721093
8721094
8721095
8721096
8721097
8721098
8721099
8721100
