2170200
2170201
2170202
2170203
2170204
2170205
2170206
2170207
2170208
2170209
2170210
2170211
2170212
2170213
2170214
2170215
2170216
2170217
2170218
2170219
2170220
2170221
2170222
2170223
2170224
2170225
2170226
2170227
2170228
2170229
2170230
2170231
2170232
2170233
2170234
2170235
2170236
2170237
2170238
2170239
2170240
2170241
2170242
2170243
2170244
2170245
2170246
2170247
2170248
2170249
2170250
2170251
2170252
2170253
2170254
2170255
2170256
2170257
2170258
2170259
2170260
2170261
2170262
2170263
2170264
2170265
2170266
2170267
2170268
2170269
2170270
2170271
2170272
2170273
2170274
2170275
2170276
2170277
2170278
2170279
2170280
2170281
2170282
2170283
2170284
2170285
2170286
2170287
2170288
2170289
2170290
2170291
2170292
2170293
2170294
2170295
2170296
2170297
2170298
2170299