2102061
2102062
2102063
2102064
2102065
2102066
2102067
2102068
2102069
2102070
2102071
2102072
2102073
2102074
2102075
2102076
2102077
2102078
2102079
2102080
2102081
2102082
2102083
2102084
2102085
2102086
2102087
2102088
2102089
2102090
2102091
2102092
2102093
2102094
2102095
2102096
2102097
2102098
2102099
2102551
2102552
2102553
2102554
2102555
2102556
2102557
2102558
2102559
2102560
2102561
2102562
2102563
2102564
2102565
2102566
2102567
2102568
2102569
2102570
2130201
2130202
2130203
2130204
2130205
2130206
2130207
2130208
2130209
2130210
2130211
2130212
2130213
2130214
2130215
2130216
2130217
2130218
2130219
2130220
2130241
2130242
2130243
2130244
2130245
2130246
2130247
2130248
2130249
2130250
2130251
2130252
2130253
2130254
2130255
2130256
2130257
2130258
2130259
2130260
2130261
2130262
2130263
2130264
2130265
2130266
2130267
2130268
2130269
2130270
2130271
2130272
2130273
2130274
2130275
2130276
2130277
2130278
2130279
2130280
2130281
2130282
2130283
2130284
2130285
2130286
2130287
2130288
2130289
2130290
2130291
2130292
2130293
2130294
2130295
2130296
2130297
2130298
2130299
2130300
2120300
2120300
2120301
2120302
2120303
2120304
2120305
2120306
2120307
2120308
2120309
2120310
2120311
2120312
2120313
2120314
2120315
2120316
2120317
2120318
2120319
2120320
2120321
2120322
2120323
2120324
2120325
2120326
2120327
2120328
2120329
2120330
2120331
2120332
2120333
2120334
2120335
2120336
2120337
2120338
2120339
2120340
2120341
2120342
2120343
2120344
2120345
2120346
2120347
2120348
2120349
2120350
2120351
2120352
2120353
2120354
2120355
2120356
2120357
2120358
2120359
2120360
2120361
2120362
2120363
2120364
2120365
2120366
2120367
2120368
2120369
2120370
2120371
2120372
2120373
2120374
2120375
2120376
2120377
2120378
2120379
2120380
2120381
2120382
2120383
2120384
2120385
2120386
2120387
2120388
2120389
2120390
2120391
2120392
2120393
2120394
2120395
2120396
2120397
2120398
2120399