2101911
2101912
2101913
2101914
2101915
2101916
2101917
2101918
2101919
2101920
2101921
2101922
2101923
2101924
2101925
2101926
2101927
2101928
2101929
2101930
2101947
2101948
2101949
2101961
2101962
2101963
2101964
2101965
2101966
2101967
2101968
2101969
2101970
2101971
2101972
2101973
2101974
2101975
2101976
2101977
2101978
2101979
2101980
2101981
2101982
2101983
2101984
2101985
2101986
2101987
2101988
2101989
2101990
2101991
2101992
2101993
2101994
2101995
2101996
2101997
2101998
2101999
2102000
2102651
2102652
2102653
2102654
2102655
2102656
2102657
2102658
2102659
2102660
2102661
2102662
2102663
2102664
2102665
2102666
2102667
2102668
2102669
2102670
2110401
2110402
2110403
2110404
2110405
2110406
2110407
2110408
2110409
2110410
2120201
2120202
2120203
2120204
2120205
2120206
2120207
2120208
2120209
2120210
2130002
2130003
2130004
2130005
2130006
2130007
2130008
2130009
2130010
2130011
2130012
2130015
2130017
2130018
2130081
2130082
2130083
2130084
2130085
2130086
2130087
2130088
2130089
2130090
2130091
2130092
2130093
2130094
2130095
2130096
2130097
2130098
2130099
2130100
2130152
2130159
2130171
2130172
2130173
2130174
2130175
2130176
2130177
2130178
2130179
2130180
2130401
2130402
2130403
2130404
2130405
2130410
2160301
2160302
2160303
2160304
2160305
2160306
2160307
2160308
2160309
2160310
8710101
8710102
8710103
8710104
8710105
8710106
8710107
8710108
8710109
8710110
8710801
8710802
8710803
8710804
8710805
8710806
8710807
8710808
8710809
8710810
8710901
8710902
8710903
8710904
8710905
8710906
8710907
8710908
8710909
8710910