5731001 
5731002
5731003
5731004
5731005
5731006
5731007
5731008
5731009
5731010
5731011
5731012
5731013
5731014
5731015
5731016
5731017
5731018
5731019
5731020
5731021
5731022
5731023
5731024
5731025
5731026
5731027
5731028
5731029
5731030
5731031
5731032
5731033
5731034
5731035
5731036
5731037
5731038
5731039
5731040
5731041
5731042
5731043
5731044
5731045
5731046
5731047
5731048
5731049
5731050
5731051
5731052
5731053
5731054
5731055
5731056
5731057
5731058
5731059
5731060
5731061
5731062
5731063
5731064
5731065
5731066
5731067
5731068
5731069
5731070
